{
 "cells": [
  {
   "cell_type": "code",
   "execution_count": 144,
   "metadata": {},
   "outputs": [],
   "source": [
    "import pandas as pd\n",
    "import numpy as np\n",
    "import matplotlib.pyplot as plt"
   ]
  },
  {
   "cell_type": "code",
   "execution_count": 145,
   "metadata": {},
   "outputs": [],
   "source": [
    "df = pd.read_csv(\"voice.csv\")"
   ]
  },
  {
   "cell_type": "code",
   "execution_count": 146,
   "metadata": {},
   "outputs": [
    {
     "data": {
      "text/html": [
       "<div>\n",
       "<style scoped>\n",
       "    .dataframe tbody tr th:only-of-type {\n",
       "        vertical-align: middle;\n",
       "    }\n",
       "\n",
       "    .dataframe tbody tr th {\n",
       "        vertical-align: top;\n",
       "    }\n",
       "\n",
       "    .dataframe thead th {\n",
       "        text-align: right;\n",
       "    }\n",
       "</style>\n",
       "<table border=\"1\" class=\"dataframe\">\n",
       "  <thead>\n",
       "    <tr style=\"text-align: right;\">\n",
       "      <th></th>\n",
       "      <th>meanfreq</th>\n",
       "      <th>sd</th>\n",
       "      <th>median</th>\n",
       "      <th>Q25</th>\n",
       "      <th>Q75</th>\n",
       "      <th>IQR</th>\n",
       "      <th>skew</th>\n",
       "      <th>kurt</th>\n",
       "      <th>sp.ent</th>\n",
       "      <th>sfm</th>\n",
       "      <th>...</th>\n",
       "      <th>centroid</th>\n",
       "      <th>meanfun</th>\n",
       "      <th>minfun</th>\n",
       "      <th>maxfun</th>\n",
       "      <th>meandom</th>\n",
       "      <th>mindom</th>\n",
       "      <th>maxdom</th>\n",
       "      <th>dfrange</th>\n",
       "      <th>modindx</th>\n",
       "      <th>label</th>\n",
       "    </tr>\n",
       "  </thead>\n",
       "  <tbody>\n",
       "    <tr>\n",
       "      <th>0</th>\n",
       "      <td>0.059781</td>\n",
       "      <td>0.064241</td>\n",
       "      <td>0.032027</td>\n",
       "      <td>0.015071</td>\n",
       "      <td>0.090193</td>\n",
       "      <td>0.075122</td>\n",
       "      <td>12.863462</td>\n",
       "      <td>274.402906</td>\n",
       "      <td>0.893369</td>\n",
       "      <td>0.491918</td>\n",
       "      <td>...</td>\n",
       "      <td>0.059781</td>\n",
       "      <td>0.084279</td>\n",
       "      <td>0.015702</td>\n",
       "      <td>0.275862</td>\n",
       "      <td>0.007812</td>\n",
       "      <td>0.007812</td>\n",
       "      <td>0.007812</td>\n",
       "      <td>0.000000</td>\n",
       "      <td>0.000000</td>\n",
       "      <td>male</td>\n",
       "    </tr>\n",
       "    <tr>\n",
       "      <th>1</th>\n",
       "      <td>0.066009</td>\n",
       "      <td>0.067310</td>\n",
       "      <td>0.040229</td>\n",
       "      <td>0.019414</td>\n",
       "      <td>0.092666</td>\n",
       "      <td>0.073252</td>\n",
       "      <td>22.423285</td>\n",
       "      <td>634.613855</td>\n",
       "      <td>0.892193</td>\n",
       "      <td>0.513724</td>\n",
       "      <td>...</td>\n",
       "      <td>0.066009</td>\n",
       "      <td>0.107937</td>\n",
       "      <td>0.015826</td>\n",
       "      <td>0.250000</td>\n",
       "      <td>0.009014</td>\n",
       "      <td>0.007812</td>\n",
       "      <td>0.054688</td>\n",
       "      <td>0.046875</td>\n",
       "      <td>0.052632</td>\n",
       "      <td>male</td>\n",
       "    </tr>\n",
       "    <tr>\n",
       "      <th>2</th>\n",
       "      <td>0.077316</td>\n",
       "      <td>0.083829</td>\n",
       "      <td>0.036718</td>\n",
       "      <td>0.008701</td>\n",
       "      <td>0.131908</td>\n",
       "      <td>0.123207</td>\n",
       "      <td>30.757155</td>\n",
       "      <td>1024.927705</td>\n",
       "      <td>0.846389</td>\n",
       "      <td>0.478905</td>\n",
       "      <td>...</td>\n",
       "      <td>0.077316</td>\n",
       "      <td>0.098706</td>\n",
       "      <td>0.015656</td>\n",
       "      <td>0.271186</td>\n",
       "      <td>0.007990</td>\n",
       "      <td>0.007812</td>\n",
       "      <td>0.015625</td>\n",
       "      <td>0.007812</td>\n",
       "      <td>0.046512</td>\n",
       "      <td>male</td>\n",
       "    </tr>\n",
       "    <tr>\n",
       "      <th>3</th>\n",
       "      <td>0.151228</td>\n",
       "      <td>0.072111</td>\n",
       "      <td>0.158011</td>\n",
       "      <td>0.096582</td>\n",
       "      <td>0.207955</td>\n",
       "      <td>0.111374</td>\n",
       "      <td>1.232831</td>\n",
       "      <td>4.177296</td>\n",
       "      <td>0.963322</td>\n",
       "      <td>0.727232</td>\n",
       "      <td>...</td>\n",
       "      <td>0.151228</td>\n",
       "      <td>0.088965</td>\n",
       "      <td>0.017798</td>\n",
       "      <td>0.250000</td>\n",
       "      <td>0.201497</td>\n",
       "      <td>0.007812</td>\n",
       "      <td>0.562500</td>\n",
       "      <td>0.554688</td>\n",
       "      <td>0.247119</td>\n",
       "      <td>male</td>\n",
       "    </tr>\n",
       "    <tr>\n",
       "      <th>4</th>\n",
       "      <td>0.135120</td>\n",
       "      <td>0.079146</td>\n",
       "      <td>0.124656</td>\n",
       "      <td>0.078720</td>\n",
       "      <td>0.206045</td>\n",
       "      <td>0.127325</td>\n",
       "      <td>1.101174</td>\n",
       "      <td>4.333713</td>\n",
       "      <td>0.971955</td>\n",
       "      <td>0.783568</td>\n",
       "      <td>...</td>\n",
       "      <td>0.135120</td>\n",
       "      <td>0.106398</td>\n",
       "      <td>0.016931</td>\n",
       "      <td>0.266667</td>\n",
       "      <td>0.712812</td>\n",
       "      <td>0.007812</td>\n",
       "      <td>5.484375</td>\n",
       "      <td>5.476562</td>\n",
       "      <td>0.208274</td>\n",
       "      <td>male</td>\n",
       "    </tr>\n",
       "  </tbody>\n",
       "</table>\n",
       "<p>5 rows × 21 columns</p>\n",
       "</div>"
      ],
      "text/plain": [
       "   meanfreq        sd    median       Q25       Q75       IQR       skew  \\\n",
       "0  0.059781  0.064241  0.032027  0.015071  0.090193  0.075122  12.863462   \n",
       "1  0.066009  0.067310  0.040229  0.019414  0.092666  0.073252  22.423285   \n",
       "2  0.077316  0.083829  0.036718  0.008701  0.131908  0.123207  30.757155   \n",
       "3  0.151228  0.072111  0.158011  0.096582  0.207955  0.111374   1.232831   \n",
       "4  0.135120  0.079146  0.124656  0.078720  0.206045  0.127325   1.101174   \n",
       "\n",
       "          kurt    sp.ent       sfm  ...  centroid   meanfun    minfun  \\\n",
       "0   274.402906  0.893369  0.491918  ...  0.059781  0.084279  0.015702   \n",
       "1   634.613855  0.892193  0.513724  ...  0.066009  0.107937  0.015826   \n",
       "2  1024.927705  0.846389  0.478905  ...  0.077316  0.098706  0.015656   \n",
       "3     4.177296  0.963322  0.727232  ...  0.151228  0.088965  0.017798   \n",
       "4     4.333713  0.971955  0.783568  ...  0.135120  0.106398  0.016931   \n",
       "\n",
       "     maxfun   meandom    mindom    maxdom   dfrange   modindx  label  \n",
       "0  0.275862  0.007812  0.007812  0.007812  0.000000  0.000000   male  \n",
       "1  0.250000  0.009014  0.007812  0.054688  0.046875  0.052632   male  \n",
       "2  0.271186  0.007990  0.007812  0.015625  0.007812  0.046512   male  \n",
       "3  0.250000  0.201497  0.007812  0.562500  0.554688  0.247119   male  \n",
       "4  0.266667  0.712812  0.007812  5.484375  5.476562  0.208274   male  \n",
       "\n",
       "[5 rows x 21 columns]"
      ]
     },
     "execution_count": 146,
     "metadata": {},
     "output_type": "execute_result"
    }
   ],
   "source": [
    "df.head()"
   ]
  },
  {
   "cell_type": "code",
   "execution_count": 147,
   "metadata": {},
   "outputs": [
    {
     "data": {
      "text/plain": [
       "(3168, 21)"
      ]
     },
     "execution_count": 147,
     "metadata": {},
     "output_type": "execute_result"
    }
   ],
   "source": [
    "df.shape"
   ]
  },
  {
   "cell_type": "code",
   "execution_count": 148,
   "metadata": {},
   "outputs": [
    {
     "data": {
      "text/plain": [
       "meanfreq    0\n",
       "sd          0\n",
       "median      0\n",
       "Q25         0\n",
       "Q75         0\n",
       "IQR         0\n",
       "skew        0\n",
       "kurt        0\n",
       "sp.ent      0\n",
       "sfm         0\n",
       "mode        0\n",
       "centroid    0\n",
       "meanfun     0\n",
       "minfun      0\n",
       "maxfun      0\n",
       "meandom     0\n",
       "mindom      0\n",
       "maxdom      0\n",
       "dfrange     0\n",
       "modindx     0\n",
       "label       0\n",
       "dtype: int64"
      ]
     },
     "execution_count": 148,
     "metadata": {},
     "output_type": "execute_result"
    }
   ],
   "source": [
    "df.isnull().sum()"
   ]
  },
  {
   "cell_type": "code",
   "execution_count": 149,
   "metadata": {},
   "outputs": [
    {
     "data": {
      "text/html": [
       "<div>\n",
       "<style scoped>\n",
       "    .dataframe tbody tr th:only-of-type {\n",
       "        vertical-align: middle;\n",
       "    }\n",
       "\n",
       "    .dataframe tbody tr th {\n",
       "        vertical-align: top;\n",
       "    }\n",
       "\n",
       "    .dataframe thead th {\n",
       "        text-align: right;\n",
       "    }\n",
       "</style>\n",
       "<table border=\"1\" class=\"dataframe\">\n",
       "  <thead>\n",
       "    <tr style=\"text-align: right;\">\n",
       "      <th></th>\n",
       "      <th>meanfreq</th>\n",
       "      <th>sd</th>\n",
       "      <th>median</th>\n",
       "      <th>Q25</th>\n",
       "      <th>Q75</th>\n",
       "      <th>IQR</th>\n",
       "      <th>skew</th>\n",
       "      <th>kurt</th>\n",
       "      <th>sp.ent</th>\n",
       "      <th>sfm</th>\n",
       "      <th>mode</th>\n",
       "      <th>centroid</th>\n",
       "      <th>meanfun</th>\n",
       "      <th>minfun</th>\n",
       "      <th>maxfun</th>\n",
       "      <th>meandom</th>\n",
       "      <th>mindom</th>\n",
       "      <th>maxdom</th>\n",
       "      <th>dfrange</th>\n",
       "      <th>modindx</th>\n",
       "    </tr>\n",
       "  </thead>\n",
       "  <tbody>\n",
       "    <tr>\n",
       "      <th>meanfreq</th>\n",
       "      <td>0.000895</td>\n",
       "      <td>-0.000368</td>\n",
       "      <td>0.001007</td>\n",
       "      <td>0.001327</td>\n",
       "      <td>0.000524</td>\n",
       "      <td>-0.000803</td>\n",
       "      <td>-0.040893</td>\n",
       "      <td>-1.275764</td>\n",
       "      <td>-0.000809</td>\n",
       "      <td>-0.004166</td>\n",
       "      <td>0.001588</td>\n",
       "      <td>0.000895</td>\n",
       "      <td>0.000445</td>\n",
       "      <td>0.000221</td>\n",
       "      <td>0.000247</td>\n",
       "      <td>0.008433</td>\n",
       "      <td>0.000434</td>\n",
       "      <td>0.054730</td>\n",
       "      <td>0.054296</td>\n",
       "      <td>-0.000775</td>\n",
       "    </tr>\n",
       "    <tr>\n",
       "      <th>sd</th>\n",
       "      <td>-0.000368</td>\n",
       "      <td>0.000277</td>\n",
       "      <td>-0.000341</td>\n",
       "      <td>-0.000687</td>\n",
       "      <td>-0.000063</td>\n",
       "      <td>0.000623</td>\n",
       "      <td>0.022215</td>\n",
       "      <td>0.777957</td>\n",
       "      <td>0.000537</td>\n",
       "      <td>0.002477</td>\n",
       "      <td>-0.000680</td>\n",
       "      <td>-0.000368</td>\n",
       "      <td>-0.000251</td>\n",
       "      <td>-0.000111</td>\n",
       "      <td>-0.000065</td>\n",
       "      <td>-0.004222</td>\n",
       "      <td>-0.000377</td>\n",
       "      <td>-0.028278</td>\n",
       "      <td>-0.027901</td>\n",
       "      <td>0.000244</td>\n",
       "    </tr>\n",
       "    <tr>\n",
       "      <th>median</th>\n",
       "      <td>0.001007</td>\n",
       "      <td>-0.000341</td>\n",
       "      <td>0.001322</td>\n",
       "      <td>0.001372</td>\n",
       "      <td>0.000629</td>\n",
       "      <td>-0.000743</td>\n",
       "      <td>-0.039689</td>\n",
       "      <td>-1.194037</td>\n",
       "      <td>-0.000821</td>\n",
       "      <td>-0.004271</td>\n",
       "      <td>0.001902</td>\n",
       "      <td>0.001007</td>\n",
       "      <td>0.000487</td>\n",
       "      <td>0.000236</td>\n",
       "      <td>0.000275</td>\n",
       "      <td>0.008707</td>\n",
       "      <td>0.000440</td>\n",
       "      <td>0.056195</td>\n",
       "      <td>0.055755</td>\n",
       "      <td>-0.000926</td>\n",
       "    </tr>\n",
       "    <tr>\n",
       "      <th>Q25</th>\n",
       "      <td>0.001327</td>\n",
       "      <td>-0.000687</td>\n",
       "      <td>0.001372</td>\n",
       "      <td>0.002370</td>\n",
       "      <td>0.000549</td>\n",
       "      <td>-0.001821</td>\n",
       "      <td>-0.065949</td>\n",
       "      <td>-2.300099</td>\n",
       "      <td>-0.001419</td>\n",
       "      <td>-0.006627</td>\n",
       "      <td>0.002222</td>\n",
       "      <td>0.001327</td>\n",
       "      <td>0.000857</td>\n",
       "      <td>0.000300</td>\n",
       "      <td>0.000293</td>\n",
       "      <td>0.011950</td>\n",
       "      <td>0.000931</td>\n",
       "      <td>0.078794</td>\n",
       "      <td>0.077862</td>\n",
       "      <td>-0.000822</td>\n",
       "    </tr>\n",
       "    <tr>\n",
       "      <th>Q75</th>\n",
       "      <td>0.000524</td>\n",
       "      <td>-0.000063</td>\n",
       "      <td>0.000629</td>\n",
       "      <td>0.000549</td>\n",
       "      <td>0.000559</td>\n",
       "      <td>0.000010</td>\n",
       "      <td>-0.020684</td>\n",
       "      <td>-0.474872</td>\n",
       "      <td>-0.000186</td>\n",
       "      <td>-0.001587</td>\n",
       "      <td>0.000889</td>\n",
       "      <td>0.000524</td>\n",
       "      <td>0.000118</td>\n",
       "      <td>0.000117</td>\n",
       "      <td>0.000203</td>\n",
       "      <td>0.004459</td>\n",
       "      <td>-0.000036</td>\n",
       "      <td>0.027894</td>\n",
       "      <td>0.027930</td>\n",
       "      <td>-0.000611</td>\n",
       "    </tr>\n",
       "    <tr>\n",
       "      <th>IQR</th>\n",
       "      <td>-0.000803</td>\n",
       "      <td>0.000623</td>\n",
       "      <td>-0.000743</td>\n",
       "      <td>-0.001821</td>\n",
       "      <td>0.000010</td>\n",
       "      <td>0.001830</td>\n",
       "      <td>0.045265</td>\n",
       "      <td>1.825227</td>\n",
       "      <td>0.001233</td>\n",
       "      <td>0.005040</td>\n",
       "      <td>-0.001334</td>\n",
       "      <td>-0.000803</td>\n",
       "      <td>-0.000739</td>\n",
       "      <td>-0.000183</td>\n",
       "      <td>-0.000090</td>\n",
       "      <td>-0.007491</td>\n",
       "      <td>-0.000967</td>\n",
       "      <td>-0.050900</td>\n",
       "      <td>-0.049933</td>\n",
       "      <td>0.000211</td>\n",
       "    </tr>\n",
       "    <tr>\n",
       "      <th>skew</th>\n",
       "      <td>-0.040893</td>\n",
       "      <td>0.022215</td>\n",
       "      <td>-0.039689</td>\n",
       "      <td>-0.065949</td>\n",
       "      <td>-0.020684</td>\n",
       "      <td>0.045265</td>\n",
       "      <td>17.982084</td>\n",
       "      <td>559.020683</td>\n",
       "      <td>-0.037281</td>\n",
       "      <td>0.059992</td>\n",
       "      <td>-0.142365</td>\n",
       "      <td>-0.040893</td>\n",
       "      <td>-0.022968</td>\n",
       "      <td>-0.017682</td>\n",
       "      <td>-0.010313</td>\n",
       "      <td>-0.750211</td>\n",
       "      <td>-0.016537</td>\n",
       "      <td>-4.563846</td>\n",
       "      <td>-4.547309</td>\n",
       "      <td>-0.085771</td>\n",
       "    </tr>\n",
       "    <tr>\n",
       "      <th>kurt</th>\n",
       "      <td>-1.275764</td>\n",
       "      <td>0.777957</td>\n",
       "      <td>-1.194037</td>\n",
       "      <td>-2.300099</td>\n",
       "      <td>-0.474872</td>\n",
       "      <td>1.825227</td>\n",
       "      <td>559.020683</td>\n",
       "      <td>18205.743623</td>\n",
       "      <td>-0.774672</td>\n",
       "      <td>2.632018</td>\n",
       "      <td>-4.236781</td>\n",
       "      <td>-1.275764</td>\n",
       "      <td>-0.848046</td>\n",
       "      <td>-0.526967</td>\n",
       "      <td>-0.185331</td>\n",
       "      <td>-21.488711</td>\n",
       "      <td>-0.882384</td>\n",
       "      <td>-130.416362</td>\n",
       "      <td>-129.533978</td>\n",
       "      <td>-3.312846</td>\n",
       "    </tr>\n",
       "    <tr>\n",
       "      <th>sp.ent</th>\n",
       "      <td>-0.000809</td>\n",
       "      <td>0.000537</td>\n",
       "      <td>-0.000821</td>\n",
       "      <td>-0.001419</td>\n",
       "      <td>-0.000186</td>\n",
       "      <td>0.001233</td>\n",
       "      <td>-0.037281</td>\n",
       "      <td>-0.774672</td>\n",
       "      <td>0.002023</td>\n",
       "      <td>0.006918</td>\n",
       "      <td>-0.001130</td>\n",
       "      <td>-0.000809</td>\n",
       "      <td>-0.000746</td>\n",
       "      <td>-0.000264</td>\n",
       "      <td>-0.000163</td>\n",
       "      <td>-0.006935</td>\n",
       "      <td>-0.000840</td>\n",
       "      <td>-0.051355</td>\n",
       "      <td>-0.050516</td>\n",
       "      <td>0.001064</td>\n",
       "    </tr>\n",
       "    <tr>\n",
       "      <th>sfm</th>\n",
       "      <td>-0.004166</td>\n",
       "      <td>0.002477</td>\n",
       "      <td>-0.004271</td>\n",
       "      <td>-0.006627</td>\n",
       "      <td>-0.001587</td>\n",
       "      <td>0.005040</td>\n",
       "      <td>0.059992</td>\n",
       "      <td>2.632018</td>\n",
       "      <td>0.006918</td>\n",
       "      <td>0.031514</td>\n",
       "      <td>-0.006660</td>\n",
       "      <td>-0.004166</td>\n",
       "      <td>-0.002415</td>\n",
       "      <td>-0.001235</td>\n",
       "      <td>-0.001027</td>\n",
       "      <td>-0.039946</td>\n",
       "      <td>-0.003254</td>\n",
       "      <td>-0.272940</td>\n",
       "      <td>-0.269686</td>\n",
       "      <td>0.004485</td>\n",
       "    </tr>\n",
       "    <tr>\n",
       "      <th>mode</th>\n",
       "      <td>0.001588</td>\n",
       "      <td>-0.000680</td>\n",
       "      <td>0.001902</td>\n",
       "      <td>0.002222</td>\n",
       "      <td>0.000889</td>\n",
       "      <td>-0.001334</td>\n",
       "      <td>-0.142365</td>\n",
       "      <td>-4.236781</td>\n",
       "      <td>-0.001130</td>\n",
       "      <td>-0.006660</td>\n",
       "      <td>0.005960</td>\n",
       "      <td>0.001588</td>\n",
       "      <td>0.000810</td>\n",
       "      <td>0.000572</td>\n",
       "      <td>0.000400</td>\n",
       "      <td>0.019928</td>\n",
       "      <td>0.000968</td>\n",
       "      <td>0.129720</td>\n",
       "      <td>0.128752</td>\n",
       "      <td>-0.001682</td>\n",
       "    </tr>\n",
       "    <tr>\n",
       "      <th>centroid</th>\n",
       "      <td>0.000895</td>\n",
       "      <td>-0.000368</td>\n",
       "      <td>0.001007</td>\n",
       "      <td>0.001327</td>\n",
       "      <td>0.000524</td>\n",
       "      <td>-0.000803</td>\n",
       "      <td>-0.040893</td>\n",
       "      <td>-1.275764</td>\n",
       "      <td>-0.000809</td>\n",
       "      <td>-0.004166</td>\n",
       "      <td>0.001588</td>\n",
       "      <td>0.000895</td>\n",
       "      <td>0.000445</td>\n",
       "      <td>0.000221</td>\n",
       "      <td>0.000247</td>\n",
       "      <td>0.008433</td>\n",
       "      <td>0.000434</td>\n",
       "      <td>0.054730</td>\n",
       "      <td>0.054296</td>\n",
       "      <td>-0.000775</td>\n",
       "    </tr>\n",
       "    <tr>\n",
       "      <th>meanfun</th>\n",
       "      <td>0.000445</td>\n",
       "      <td>-0.000251</td>\n",
       "      <td>0.000487</td>\n",
       "      <td>0.000857</td>\n",
       "      <td>0.000118</td>\n",
       "      <td>-0.000739</td>\n",
       "      <td>-0.022968</td>\n",
       "      <td>-0.848046</td>\n",
       "      <td>-0.000746</td>\n",
       "      <td>-0.002415</td>\n",
       "      <td>0.000810</td>\n",
       "      <td>0.000445</td>\n",
       "      <td>0.001044</td>\n",
       "      <td>0.000211</td>\n",
       "      <td>0.000303</td>\n",
       "      <td>0.004595</td>\n",
       "      <td>0.000332</td>\n",
       "      <td>0.031620</td>\n",
       "      <td>0.031289</td>\n",
       "      <td>-0.000212</td>\n",
       "    </tr>\n",
       "    <tr>\n",
       "      <th>minfun</th>\n",
       "      <td>0.000221</td>\n",
       "      <td>-0.000111</td>\n",
       "      <td>0.000236</td>\n",
       "      <td>0.000300</td>\n",
       "      <td>0.000117</td>\n",
       "      <td>-0.000183</td>\n",
       "      <td>-0.017682</td>\n",
       "      <td>-0.526967</td>\n",
       "      <td>-0.000264</td>\n",
       "      <td>-0.001235</td>\n",
       "      <td>0.000572</td>\n",
       "      <td>0.000221</td>\n",
       "      <td>0.000211</td>\n",
       "      <td>0.000369</td>\n",
       "      <td>0.000124</td>\n",
       "      <td>0.003795</td>\n",
       "      <td>0.000100</td>\n",
       "      <td>0.021512</td>\n",
       "      <td>0.021412</td>\n",
       "      <td>0.000005</td>\n",
       "    </tr>\n",
       "    <tr>\n",
       "      <th>maxfun</th>\n",
       "      <td>0.000247</td>\n",
       "      <td>-0.000065</td>\n",
       "      <td>0.000275</td>\n",
       "      <td>0.000293</td>\n",
       "      <td>0.000203</td>\n",
       "      <td>-0.000090</td>\n",
       "      <td>-0.010313</td>\n",
       "      <td>-0.185331</td>\n",
       "      <td>-0.000163</td>\n",
       "      <td>-0.001027</td>\n",
       "      <td>0.000400</td>\n",
       "      <td>0.000247</td>\n",
       "      <td>0.000303</td>\n",
       "      <td>0.000124</td>\n",
       "      <td>0.000905</td>\n",
       "      <td>0.005332</td>\n",
       "      <td>-0.000463</td>\n",
       "      <td>0.037638</td>\n",
       "      <td>0.038102</td>\n",
       "      <td>-0.001304</td>\n",
       "    </tr>\n",
       "    <tr>\n",
       "      <th>meandom</th>\n",
       "      <td>0.008433</td>\n",
       "      <td>-0.004222</td>\n",
       "      <td>0.008707</td>\n",
       "      <td>0.011950</td>\n",
       "      <td>0.004459</td>\n",
       "      <td>-0.007491</td>\n",
       "      <td>-0.750211</td>\n",
       "      <td>-21.488711</td>\n",
       "      <td>-0.006935</td>\n",
       "      <td>-0.039946</td>\n",
       "      <td>0.019928</td>\n",
       "      <td>0.008433</td>\n",
       "      <td>0.004595</td>\n",
       "      <td>0.003795</td>\n",
       "      <td>0.005332</td>\n",
       "      <td>0.275840</td>\n",
       "      <td>0.003313</td>\n",
       "      <td>1.503204</td>\n",
       "      <td>1.499891</td>\n",
       "      <td>-0.011353</td>\n",
       "    </tr>\n",
       "    <tr>\n",
       "      <th>mindom</th>\n",
       "      <td>0.000434</td>\n",
       "      <td>-0.000377</td>\n",
       "      <td>0.000440</td>\n",
       "      <td>0.000931</td>\n",
       "      <td>-0.000036</td>\n",
       "      <td>-0.000967</td>\n",
       "      <td>-0.016537</td>\n",
       "      <td>-0.882384</td>\n",
       "      <td>-0.000840</td>\n",
       "      <td>-0.003254</td>\n",
       "      <td>0.000968</td>\n",
       "      <td>0.000434</td>\n",
       "      <td>0.000332</td>\n",
       "      <td>0.000100</td>\n",
       "      <td>-0.000463</td>\n",
       "      <td>0.003313</td>\n",
       "      <td>0.004007</td>\n",
       "      <td>0.005938</td>\n",
       "      <td>0.001931</td>\n",
       "      <td>0.001514</td>\n",
       "    </tr>\n",
       "    <tr>\n",
       "      <th>maxdom</th>\n",
       "      <td>0.054730</td>\n",
       "      <td>-0.028278</td>\n",
       "      <td>0.056195</td>\n",
       "      <td>0.078794</td>\n",
       "      <td>0.027894</td>\n",
       "      <td>-0.050900</td>\n",
       "      <td>-4.563846</td>\n",
       "      <td>-130.416362</td>\n",
       "      <td>-0.051355</td>\n",
       "      <td>-0.272940</td>\n",
       "      <td>0.129720</td>\n",
       "      <td>0.054730</td>\n",
       "      <td>0.031620</td>\n",
       "      <td>0.021512</td>\n",
       "      <td>0.037638</td>\n",
       "      <td>1.503204</td>\n",
       "      <td>0.005938</td>\n",
       "      <td>12.398544</td>\n",
       "      <td>12.392606</td>\n",
       "      <td>-0.178986</td>\n",
       "    </tr>\n",
       "    <tr>\n",
       "      <th>dfrange</th>\n",
       "      <td>0.054296</td>\n",
       "      <td>-0.027901</td>\n",
       "      <td>0.055755</td>\n",
       "      <td>0.077862</td>\n",
       "      <td>0.027930</td>\n",
       "      <td>-0.049933</td>\n",
       "      <td>-4.547309</td>\n",
       "      <td>-129.533978</td>\n",
       "      <td>-0.050516</td>\n",
       "      <td>-0.269686</td>\n",
       "      <td>0.128752</td>\n",
       "      <td>0.054296</td>\n",
       "      <td>0.031289</td>\n",
       "      <td>0.021412</td>\n",
       "      <td>0.038102</td>\n",
       "      <td>1.499891</td>\n",
       "      <td>0.001931</td>\n",
       "      <td>12.392606</td>\n",
       "      <td>12.390675</td>\n",
       "      <td>-0.180500</td>\n",
       "    </tr>\n",
       "    <tr>\n",
       "      <th>modindx</th>\n",
       "      <td>-0.000775</td>\n",
       "      <td>0.000244</td>\n",
       "      <td>-0.000926</td>\n",
       "      <td>-0.000822</td>\n",
       "      <td>-0.000611</td>\n",
       "      <td>0.000211</td>\n",
       "      <td>-0.085771</td>\n",
       "      <td>-3.312846</td>\n",
       "      <td>0.001064</td>\n",
       "      <td>0.004485</td>\n",
       "      <td>-0.001682</td>\n",
       "      <td>-0.000775</td>\n",
       "      <td>-0.000212</td>\n",
       "      <td>0.000005</td>\n",
       "      <td>-0.001304</td>\n",
       "      <td>-0.011353</td>\n",
       "      <td>0.001514</td>\n",
       "      <td>-0.178986</td>\n",
       "      <td>-0.180500</td>\n",
       "      <td>0.014269</td>\n",
       "    </tr>\n",
       "  </tbody>\n",
       "</table>\n",
       "</div>"
      ],
      "text/plain": [
       "          meanfreq        sd    median       Q25       Q75       IQR  \\\n",
       "meanfreq  0.000895 -0.000368  0.001007  0.001327  0.000524 -0.000803   \n",
       "sd       -0.000368  0.000277 -0.000341 -0.000687 -0.000063  0.000623   \n",
       "median    0.001007 -0.000341  0.001322  0.001372  0.000629 -0.000743   \n",
       "Q25       0.001327 -0.000687  0.001372  0.002370  0.000549 -0.001821   \n",
       "Q75       0.000524 -0.000063  0.000629  0.000549  0.000559  0.000010   \n",
       "IQR      -0.000803  0.000623 -0.000743 -0.001821  0.000010  0.001830   \n",
       "skew     -0.040893  0.022215 -0.039689 -0.065949 -0.020684  0.045265   \n",
       "kurt     -1.275764  0.777957 -1.194037 -2.300099 -0.474872  1.825227   \n",
       "sp.ent   -0.000809  0.000537 -0.000821 -0.001419 -0.000186  0.001233   \n",
       "sfm      -0.004166  0.002477 -0.004271 -0.006627 -0.001587  0.005040   \n",
       "mode      0.001588 -0.000680  0.001902  0.002222  0.000889 -0.001334   \n",
       "centroid  0.000895 -0.000368  0.001007  0.001327  0.000524 -0.000803   \n",
       "meanfun   0.000445 -0.000251  0.000487  0.000857  0.000118 -0.000739   \n",
       "minfun    0.000221 -0.000111  0.000236  0.000300  0.000117 -0.000183   \n",
       "maxfun    0.000247 -0.000065  0.000275  0.000293  0.000203 -0.000090   \n",
       "meandom   0.008433 -0.004222  0.008707  0.011950  0.004459 -0.007491   \n",
       "mindom    0.000434 -0.000377  0.000440  0.000931 -0.000036 -0.000967   \n",
       "maxdom    0.054730 -0.028278  0.056195  0.078794  0.027894 -0.050900   \n",
       "dfrange   0.054296 -0.027901  0.055755  0.077862  0.027930 -0.049933   \n",
       "modindx  -0.000775  0.000244 -0.000926 -0.000822 -0.000611  0.000211   \n",
       "\n",
       "                skew          kurt    sp.ent       sfm      mode  centroid  \\\n",
       "meanfreq   -0.040893     -1.275764 -0.000809 -0.004166  0.001588  0.000895   \n",
       "sd          0.022215      0.777957  0.000537  0.002477 -0.000680 -0.000368   \n",
       "median     -0.039689     -1.194037 -0.000821 -0.004271  0.001902  0.001007   \n",
       "Q25        -0.065949     -2.300099 -0.001419 -0.006627  0.002222  0.001327   \n",
       "Q75        -0.020684     -0.474872 -0.000186 -0.001587  0.000889  0.000524   \n",
       "IQR         0.045265      1.825227  0.001233  0.005040 -0.001334 -0.000803   \n",
       "skew       17.982084    559.020683 -0.037281  0.059992 -0.142365 -0.040893   \n",
       "kurt      559.020683  18205.743623 -0.774672  2.632018 -4.236781 -1.275764   \n",
       "sp.ent     -0.037281     -0.774672  0.002023  0.006918 -0.001130 -0.000809   \n",
       "sfm         0.059992      2.632018  0.006918  0.031514 -0.006660 -0.004166   \n",
       "mode       -0.142365     -4.236781 -0.001130 -0.006660  0.005960  0.001588   \n",
       "centroid   -0.040893     -1.275764 -0.000809 -0.004166  0.001588  0.000895   \n",
       "meanfun    -0.022968     -0.848046 -0.000746 -0.002415  0.000810  0.000445   \n",
       "minfun     -0.017682     -0.526967 -0.000264 -0.001235  0.000572  0.000221   \n",
       "maxfun     -0.010313     -0.185331 -0.000163 -0.001027  0.000400  0.000247   \n",
       "meandom    -0.750211    -21.488711 -0.006935 -0.039946  0.019928  0.008433   \n",
       "mindom     -0.016537     -0.882384 -0.000840 -0.003254  0.000968  0.000434   \n",
       "maxdom     -4.563846   -130.416362 -0.051355 -0.272940  0.129720  0.054730   \n",
       "dfrange    -4.547309   -129.533978 -0.050516 -0.269686  0.128752  0.054296   \n",
       "modindx    -0.085771     -3.312846  0.001064  0.004485 -0.001682 -0.000775   \n",
       "\n",
       "           meanfun    minfun    maxfun    meandom    mindom      maxdom  \\\n",
       "meanfreq  0.000445  0.000221  0.000247   0.008433  0.000434    0.054730   \n",
       "sd       -0.000251 -0.000111 -0.000065  -0.004222 -0.000377   -0.028278   \n",
       "median    0.000487  0.000236  0.000275   0.008707  0.000440    0.056195   \n",
       "Q25       0.000857  0.000300  0.000293   0.011950  0.000931    0.078794   \n",
       "Q75       0.000118  0.000117  0.000203   0.004459 -0.000036    0.027894   \n",
       "IQR      -0.000739 -0.000183 -0.000090  -0.007491 -0.000967   -0.050900   \n",
       "skew     -0.022968 -0.017682 -0.010313  -0.750211 -0.016537   -4.563846   \n",
       "kurt     -0.848046 -0.526967 -0.185331 -21.488711 -0.882384 -130.416362   \n",
       "sp.ent   -0.000746 -0.000264 -0.000163  -0.006935 -0.000840   -0.051355   \n",
       "sfm      -0.002415 -0.001235 -0.001027  -0.039946 -0.003254   -0.272940   \n",
       "mode      0.000810  0.000572  0.000400   0.019928  0.000968    0.129720   \n",
       "centroid  0.000445  0.000221  0.000247   0.008433  0.000434    0.054730   \n",
       "meanfun   0.001044  0.000211  0.000303   0.004595  0.000332    0.031620   \n",
       "minfun    0.000211  0.000369  0.000124   0.003795  0.000100    0.021512   \n",
       "maxfun    0.000303  0.000124  0.000905   0.005332 -0.000463    0.037638   \n",
       "meandom   0.004595  0.003795  0.005332   0.275840  0.003313    1.503204   \n",
       "mindom    0.000332  0.000100 -0.000463   0.003313  0.004007    0.005938   \n",
       "maxdom    0.031620  0.021512  0.037638   1.503204  0.005938   12.398544   \n",
       "dfrange   0.031289  0.021412  0.038102   1.499891  0.001931   12.392606   \n",
       "modindx  -0.000212  0.000005 -0.001304  -0.011353  0.001514   -0.178986   \n",
       "\n",
       "             dfrange   modindx  \n",
       "meanfreq    0.054296 -0.000775  \n",
       "sd         -0.027901  0.000244  \n",
       "median      0.055755 -0.000926  \n",
       "Q25         0.077862 -0.000822  \n",
       "Q75         0.027930 -0.000611  \n",
       "IQR        -0.049933  0.000211  \n",
       "skew       -4.547309 -0.085771  \n",
       "kurt     -129.533978 -3.312846  \n",
       "sp.ent     -0.050516  0.001064  \n",
       "sfm        -0.269686  0.004485  \n",
       "mode        0.128752 -0.001682  \n",
       "centroid    0.054296 -0.000775  \n",
       "meanfun     0.031289 -0.000212  \n",
       "minfun      0.021412  0.000005  \n",
       "maxfun      0.038102 -0.001304  \n",
       "meandom     1.499891 -0.011353  \n",
       "mindom      0.001931  0.001514  \n",
       "maxdom     12.392606 -0.178986  \n",
       "dfrange    12.390675 -0.180500  \n",
       "modindx    -0.180500  0.014269  "
      ]
     },
     "execution_count": 149,
     "metadata": {},
     "output_type": "execute_result"
    }
   ],
   "source": [
    "df.cov()"
   ]
  },
  {
   "cell_type": "code",
   "execution_count": 150,
   "metadata": {},
   "outputs": [
    {
     "data": {
      "text/html": [
       "<div>\n",
       "<style scoped>\n",
       "    .dataframe tbody tr th:only-of-type {\n",
       "        vertical-align: middle;\n",
       "    }\n",
       "\n",
       "    .dataframe tbody tr th {\n",
       "        vertical-align: top;\n",
       "    }\n",
       "\n",
       "    .dataframe thead th {\n",
       "        text-align: right;\n",
       "    }\n",
       "</style>\n",
       "<table border=\"1\" class=\"dataframe\">\n",
       "  <thead>\n",
       "    <tr style=\"text-align: right;\">\n",
       "      <th></th>\n",
       "      <th>meanfreq</th>\n",
       "      <th>sd</th>\n",
       "      <th>median</th>\n",
       "      <th>Q25</th>\n",
       "      <th>Q75</th>\n",
       "      <th>IQR</th>\n",
       "      <th>skew</th>\n",
       "      <th>kurt</th>\n",
       "      <th>sp.ent</th>\n",
       "      <th>sfm</th>\n",
       "      <th>mode</th>\n",
       "      <th>centroid</th>\n",
       "      <th>meanfun</th>\n",
       "      <th>minfun</th>\n",
       "      <th>maxfun</th>\n",
       "      <th>meandom</th>\n",
       "      <th>mindom</th>\n",
       "      <th>maxdom</th>\n",
       "      <th>dfrange</th>\n",
       "      <th>modindx</th>\n",
       "    </tr>\n",
       "  </thead>\n",
       "  <tbody>\n",
       "    <tr>\n",
       "      <th>meanfreq</th>\n",
       "      <td>1.000000</td>\n",
       "      <td>-0.739039</td>\n",
       "      <td>0.925445</td>\n",
       "      <td>0.911416</td>\n",
       "      <td>0.740997</td>\n",
       "      <td>-0.627605</td>\n",
       "      <td>-0.322327</td>\n",
       "      <td>-0.316036</td>\n",
       "      <td>-0.601203</td>\n",
       "      <td>-0.784332</td>\n",
       "      <td>0.687715</td>\n",
       "      <td>1.000000</td>\n",
       "      <td>0.460844</td>\n",
       "      <td>0.383937</td>\n",
       "      <td>0.274004</td>\n",
       "      <td>0.536666</td>\n",
       "      <td>0.229261</td>\n",
       "      <td>0.519528</td>\n",
       "      <td>0.515570</td>\n",
       "      <td>-0.216979</td>\n",
       "    </tr>\n",
       "    <tr>\n",
       "      <th>sd</th>\n",
       "      <td>-0.739039</td>\n",
       "      <td>1.000000</td>\n",
       "      <td>-0.562603</td>\n",
       "      <td>-0.846931</td>\n",
       "      <td>-0.161076</td>\n",
       "      <td>0.874660</td>\n",
       "      <td>0.314597</td>\n",
       "      <td>0.346241</td>\n",
       "      <td>0.716620</td>\n",
       "      <td>0.838086</td>\n",
       "      <td>-0.529150</td>\n",
       "      <td>-0.739039</td>\n",
       "      <td>-0.466281</td>\n",
       "      <td>-0.345609</td>\n",
       "      <td>-0.129662</td>\n",
       "      <td>-0.482726</td>\n",
       "      <td>-0.357667</td>\n",
       "      <td>-0.482278</td>\n",
       "      <td>-0.475999</td>\n",
       "      <td>0.122660</td>\n",
       "    </tr>\n",
       "    <tr>\n",
       "      <th>median</th>\n",
       "      <td>0.925445</td>\n",
       "      <td>-0.562603</td>\n",
       "      <td>1.000000</td>\n",
       "      <td>0.774922</td>\n",
       "      <td>0.731849</td>\n",
       "      <td>-0.477352</td>\n",
       "      <td>-0.257407</td>\n",
       "      <td>-0.243382</td>\n",
       "      <td>-0.502005</td>\n",
       "      <td>-0.661690</td>\n",
       "      <td>0.677433</td>\n",
       "      <td>0.925445</td>\n",
       "      <td>0.414909</td>\n",
       "      <td>0.337602</td>\n",
       "      <td>0.251328</td>\n",
       "      <td>0.455943</td>\n",
       "      <td>0.191169</td>\n",
       "      <td>0.438919</td>\n",
       "      <td>0.435621</td>\n",
       "      <td>-0.213298</td>\n",
       "    </tr>\n",
       "    <tr>\n",
       "      <th>Q25</th>\n",
       "      <td>0.911416</td>\n",
       "      <td>-0.846931</td>\n",
       "      <td>0.774922</td>\n",
       "      <td>1.000000</td>\n",
       "      <td>0.477140</td>\n",
       "      <td>-0.874189</td>\n",
       "      <td>-0.319475</td>\n",
       "      <td>-0.350182</td>\n",
       "      <td>-0.648126</td>\n",
       "      <td>-0.766875</td>\n",
       "      <td>0.591277</td>\n",
       "      <td>0.911416</td>\n",
       "      <td>0.545035</td>\n",
       "      <td>0.320994</td>\n",
       "      <td>0.199841</td>\n",
       "      <td>0.467403</td>\n",
       "      <td>0.302255</td>\n",
       "      <td>0.459683</td>\n",
       "      <td>0.454394</td>\n",
       "      <td>-0.141377</td>\n",
       "    </tr>\n",
       "    <tr>\n",
       "      <th>Q75</th>\n",
       "      <td>0.740997</td>\n",
       "      <td>-0.161076</td>\n",
       "      <td>0.731849</td>\n",
       "      <td>0.477140</td>\n",
       "      <td>1.000000</td>\n",
       "      <td>0.009636</td>\n",
       "      <td>-0.206339</td>\n",
       "      <td>-0.148881</td>\n",
       "      <td>-0.174905</td>\n",
       "      <td>-0.378198</td>\n",
       "      <td>0.486857</td>\n",
       "      <td>0.740997</td>\n",
       "      <td>0.155091</td>\n",
       "      <td>0.258002</td>\n",
       "      <td>0.285584</td>\n",
       "      <td>0.359181</td>\n",
       "      <td>-0.023750</td>\n",
       "      <td>0.335114</td>\n",
       "      <td>0.335648</td>\n",
       "      <td>-0.216475</td>\n",
       "    </tr>\n",
       "    <tr>\n",
       "      <th>IQR</th>\n",
       "      <td>-0.627605</td>\n",
       "      <td>0.874660</td>\n",
       "      <td>-0.477352</td>\n",
       "      <td>-0.874189</td>\n",
       "      <td>0.009636</td>\n",
       "      <td>1.000000</td>\n",
       "      <td>0.249497</td>\n",
       "      <td>0.316185</td>\n",
       "      <td>0.640813</td>\n",
       "      <td>0.663601</td>\n",
       "      <td>-0.403764</td>\n",
       "      <td>-0.627605</td>\n",
       "      <td>-0.534462</td>\n",
       "      <td>-0.222680</td>\n",
       "      <td>-0.069588</td>\n",
       "      <td>-0.333362</td>\n",
       "      <td>-0.357037</td>\n",
       "      <td>-0.337877</td>\n",
       "      <td>-0.331563</td>\n",
       "      <td>0.041252</td>\n",
       "    </tr>\n",
       "    <tr>\n",
       "      <th>skew</th>\n",
       "      <td>-0.322327</td>\n",
       "      <td>0.314597</td>\n",
       "      <td>-0.257407</td>\n",
       "      <td>-0.319475</td>\n",
       "      <td>-0.206339</td>\n",
       "      <td>0.249497</td>\n",
       "      <td>1.000000</td>\n",
       "      <td>0.977020</td>\n",
       "      <td>-0.195459</td>\n",
       "      <td>0.079694</td>\n",
       "      <td>-0.434859</td>\n",
